10010010
10111001
11111010
00111011
01011111
00110110
10101111
10000100
00011001
00010111
00011000
01111000
01011010
11111110
10001001
10111101
00001000
01110101
11110011
10110110
11010110
00111000
10110110
00010111
01101011
11100100
10100100
11001111
11010010
01001101
00100011
01100100
00000110
00011101
00101101
01100110
01010011
00011000
11101010
01101101
11110100
00010001
11100101
01001111
11000101
01101110
00001100
11001110
11100011
11111111
10000100
10111010
00110111
00111010
11010001
10100010
00011111
01110101
01110010
11110001
11000011
10010101
01010101
00111011
10110010
10000010
00101111
00000110
01011111
00011001
01110011
01010100
11100001
01011000
10100011
10100110
11000110
10101111
01110100
10101010
10101110
11111001
01100100
11100101
00110011
00110101
10000111
01010010
10101011
11111001
01000011
01101110
10001110
10011000
00110111
01000001
00011011
01100111
01000111
01111010
10000000
10111010
11001110
01100001
00010010
01110001
00001000
11011000
00100000
01111100
10000010
11001110
01110101
11100110
10110011
10101001
00011100
00111011
11111011
00010001
00110100
00111111
00110101
11000011
11010111
01101100
00000100
11110010
10101010
01001011
01101101
01010100
00000101
00111011
10110101
00010111
10101101
10111101
11101111
11001101
00111010
01110010
10011100
10101111
01011000
01001111
01011000
01110100
10001010
01010100
00111011
10111111
10010011
01110000
10000010
01101010
00011000
10000110
01011101
10110000
11010001
11001010
00000100
11010110
00000101
10111010
11101101
10110010
01110111
11011100
10000000
10110001
01001110
00011100
01100001
10100111
01101011
10111001
00011011
11110110
00001101
01010111
10110101
10100000
00010001
00110111
00001011
10100100
10111101
01101000
01010101
10001110
00110010
01011001
01100100
00110111
00010011
01010001
11101010
10001011
00101101
01101010
00111100
01111100
10000110
10011101
00100011
11110001
01010111
00111110
11100111
01100100
10010101
10011100
00000101
01011101
10101010
00010000
00000001
10010000
01111000
01010110
00011110
10101010
10110000
10000010
11100001
11000011
10101010
11001011
01001110
00000001
00110101
10001011
01111101
10111011
00101000
10100000
10101101
01111111
11011110
10010100
11100100
01110100
00110001
11101001
11010001
00000100
11111001
11010010
10010101
01110001
00101001
10110011
00011011
11011001
00110110
11111100
10011100
00001001
01100111
11101011
00001010
11111101
01110110
10000111
10111001
10011110
00100111
01100110
00011110
00000110
11111010
00000010
01111010
00101011
11101011
01001011
00110000
11100100
00011101
11000101
01010101
01000110
01111000
01110000
00011111
10101110
01101100
10111100
10111000
00110100
10100111
11000010
00110010
00011101
01001010
11101011
10111011
01110001
01010001
11011001
01110111
01001011
11011011
11110001
01110111
11000110
00111100
10100111
10101010
01011010
01101100
11111111
10100000
11100100
01101111
11000000
10010011
11011100
01111100
01001011
00010000
00100011
00001101
01000010
01000000
01010111
00101101
11111011
00111011
01111110
11010101
01000000
11001010
10110000
00110010
01000001
01110111
01101110
11101000
00100001
01100111
01010100
00100001
01101001
00111000
10010000
00101001
11001011
01101100
10100101
00010110
01111101
01100111
00100100
10111111
00001000
01111011
11101101
00000011
01000100
01101011
11011000
10000101
00110101
10001001
10110111
01110110
00000000
00100101
01011110
00100001
11101110
10110010
01000010
01010111
11101011
10101010
10000000
10110110
00111111
00100101
11001101
10111100
11101101
11110001
01111100
11110101
01101100
01101001
11111000
10110001
11010100
11010001
00110110
00001010
01011010
11101101
10000000
01011010
00010010
11011111
01111011
00000000
10010001
10111110
01010111
01111100
10010001
11010111
00110011
11010000
11111100
00000000
10001101
11101001
11110001
00001001
11011110
01011101
01110010
11010111
00001110
01000110
10101000
01000100
01010000
00000010
00110001
11010001
01011100
01000100
10110000
11010111
01000100
01000001
10010101
10011100
10111110
00100110
01110011
11110001
11110111
01110000
11110001
10000100
01011001
11100010
10001101
00111000
00111111
11111111
00001111
01001110
01000101
10110111
10010010
10010110
10111001
11000100
01100111
00010101
00001000
00010111
11101100
01001100
01011000
10000010
11101000
00010110
10101000
01011100
00000111
10011111
11001100
11111000
00100011
00100101
11011010
10110000
01011101
00011010
10101111
01101100
01101000
11110101
00100011
11111010
10001011
11011100
10111110
11110010
11110001
11000110
00001001
11011110
00010011
01100001
01100000
11111011
01111000
00001000
01010111
01111111
10101000
00100011
01111000
11001011
01001001
01010010
01111100
10100110
01101100
00101011
00010011
11010100
00100000
00110110
11001111
10101011
00010011
10001101
10011101
00000100
01010100
10100110
11100010
01100111
00001000
01000010
01100010
10000000
01001011
10111010
11111111
11110011
00011000
01110111
10111110
00100110
11001010
00111010
11001101
00110110
01100110
11100000
00001011
10000110
00010110
11011010
00110010
00101001
01100111
11001111
00101110
10111011
01110110
00010000
00100010
01111110
01010011
10000101
11111110
10011110
00111111
11111101
10010001
00011100
01110101
01001111
01000011
00111111
10001010
00010000
01110101
11110000
11110000
10000000
01110110
00000110
01011010
10101000
00110000
11000010
01111000
01011110
01111101
11101110
01101110
10100000
01101100
11000001
00100101
01101010
01011111
01100100
01100111
11110000
10000000
11011100
01000000
11000011
00011011
11001010
10101010
10010001
10111010
11000011
00010001
00110000
11001010
01101100
11011001
11111010
00101110
01010001
01011000
10101011
00111111
11000110
01001011
10101011
10001000
01110000
00010101
11100111
11010100
01111100
11011000
01010101
01011001
00011000
00011000
01110100
11100010
11101100
00000101
10011100
10101111
00010111
11001100
01111001
10000011
10100101
01110011
10110001
11110110
11001011
01011100
00110101
10010010
10101000
11100000
00011010
00011000
11110101
00000001
11101101
01110010
11011001
01000010
11001011
11110001
01011010
00111111
10101010
01000110
01000101
01101111
11110110
01011100
00111100
01101111
11011111
11100001
11100011
10010000
11011000
10101110
11101100
00001101
01000000
10010100
11101110
01011010
10101101
11100011
01011100
10011010
01010101
00110101
11011100
00100000
00100111
00110110
01100000
11111010
01111101
10100101
01101010
01110011
00000001
10100110
11100010
11100000
10000111
11000101
01110000
01011111
01110100
01011100
01101101
10110100
11110001
01011011
00001111
10011110
00111110
01101011
00111000
10010100
10100000
00010100
10110100
00010001
01001010
00010100
11000010
00010001
10111001
00101100
00111010
10111010
11010010
00011101
10011010
01011001
11100010
00001010
10111001
01010110
01100111
00100110
00001011
01011000
10000001
00011010
11110110
10111111
10000101
00101110
01010011
00100101
01000010
00001000
11101101
10001100
00011100
10101111
01010100
11010110
11011011
10001110
10010000
10101101
10101011
00101011
00000110
10001110
00110101
10111111
11100100
10011100
11100101
11101111
11110100
01100110
00001001
11101010
00100110
10001110
00011000
01111001
10110100
01011010
10000001
10100001
11100111
10011110
01010000
00111011
01110100
00101011
00111011
00000100
11011000
01110101
00101111
11011110
00000011
01100101
10011110
11100111
00000001
10000011
11010111
11110110
11101010
11100000
11100000
00010000
01101111
11111001
10001001
00100011
01010011
00001011
11000100
00111010
10101001
00010100
01110101
00011101
00111111
00111111
00100001
00010111
10110100
01010001
11110101
10110111
10110110
10010011
10011110
10110111
00010111
01110101
10101101
00000001
01010110
10001110
00010001
11000101
10000111
10011010
11101000
11011010
10100101
10101100
00010101
01001110
11000000
10001010
01101011
11111111
00111011
10001101
00010110
01111101
11011110
00001011
00110100
10010100
10011111
10101010
01001011
10110110
01001000
11111001
10110111
10011110
10000111
01100111
01100011
00001110
01100010
01001011
11101000
00001000
11110111
11111101
01010110
10110111
10001000
11000010
10110110
01010001
01001111
11001100
11001111
00101101
11011000
00000011
11000001
01110111
11010110
00001100
00101101
00011111
00000101
11100100
10111101
10001100
10101100
00100001
10011010
00001110
01101100
10000011
00010110
01100100
10000000
01101101
00011011
00001000
00101111
11010010
01011010
01111110
10011110
00101001
10101011
01110110
00101100
01101100
11101101
00000011
01111000
00011010
00100010
01111110
11111110
11011111
00001010
10101010
00000000
10100101
10111001
01101101
00101000
11001111
11010001
10101000
00111100
11101100
10110001
01101011
10111110
00001011
11101001
01011101
00110100
10010100
10101010
01100000
00000000
11000001
01100011
01111001
11011011
10000101
11110111
11011010
01100101
00000001
10000100
01100101
10100110
00111101
11010010
11001110
00001101
10100011
01110111
01001001
10010000
00101000
10110101
01001110
00110011
10011110
10101011
01100111
00110011
01111111
00010001
00110011
01000000
00101011
10101100
00011011
10110000
10100011
11110101
00010101
10100101
01111010
01111011
01001011
10110111
01001101
00011010
11000100
11110001
10010001
00001110
10000001
10111001
11000011
11001111
11101100
01100001
01111011
01010011
10010100
11111010
00011010
01100111
00111010
01000101
01110100
01010101
11110110
