00000010
01111110
01101010
10100100
10000010
10100010
01100111
10000010
10100010
01100111
10000010
10100010
01100111
10000010
10100010
01100111
10000010
10100010
01100111
10000010
10100010
01100111
10000010
10100010
01100111
10000010
10100010
01100111
10000010
10100010
01100111
10000010
10100010
01100111
11010000
00111001
01101101
00010110
00110001
10101110
11001101
00110001
10101110
11001101
00110001
10101110
11001101
00110001
10101110
11001101
00110001
10101110
11001101
00110001
10101110
11001101
00110001
10101110
11001101
00110001
10101110
11001101
00110001
10101110
11001101
00110001
10101110
11001101
11100100
00000000
00001011
11011100
00000000
00001011
11011100
00000000
00001011
11011100
00000000
00001011
11011100
00000000
00001011
11011100
00000000
00001011
11011100
00000000
00001011
11011100
00000000
00001011
11011100
00000000
00001011
11011100
00000000
00001011
11011100
01101010
11011110
11010101
01101010
11011110
11010101
01101010
11011110
11010101
01101010
11011110
11010101
01101010
11011110
11010101
01101010
11011110
11010101
01101010
11011110
11010101
01101010
11011110
11010101
01101010
11011110
11010101
01101010
11011110
11010101
11111110
11101100
10100010
00001101
11101100
10100010
00001101
11101100
10100010
00001101
11101100
10100010
00001101
11101100
10100010
00001101
11101100
10100010
00001101
11101100
10100010
00001101
11101100
10100010
00001101
11101100
10100010
00001101
11101100
10100010
00001101
01000101
00110011
00110000
01101100
10011011
00110000
01101100
10011011
00110000
01101100
10011011
00110000
01101100
10011011
00110000
01101100
10011011
00110000
01101100
10011011
00110000
01101100
10011011
00110000
01101100
10011011
00110000
01101100
10011011
00110000
01101100
10011011
00110110
10110001
11111100
00110110
10110001
11111100
00110110
10110001
11111100
00110110
10110001
11111100
00110110
10110001
11111100
00110110
10110001
11111100
00110110
10110001
11111100
00110110
10110001
11111100
00110110
10110001
11111100
00110110
10110001
11111100
01011111
11001001
10001110
01011111
11001001
10001110
01011111
11001001
10001110
01011111
11001001
10001110
01011111
11001001
10001110
01011111
11001001
10001110
01011111
11001001
10001110
01011111
11001001
10001110
01011111
11001001
10001110
01011111
11001001
10001110
10000100
10001110
01001111
10000100
10001110
01001111
10000100
10001110
01001111
10000100
10001110
01001111
10000100
10001110
01001111
10000100
10001110
01001111
10000100
10001110
01001111
10000100
10001110
01001111
10000100
10001110
01001111
10000100
10001110
01001111
11100011
00111111
10111000
10100001
00111111
10111000
10100001
00111111
10111000
10100001
00111111
10111000
10100001
00111111
10111000
10100001
00111111
10111000
10100001
00111111
10111000
10100001
00111111
10111000
10100001
00111111
10111000
10100001
00111111
10111000
10100001
11111000
10001101
11100000
11111000
10001101
11100000
11111000
10001101
11100000
11111000
10001101
11100000
11111000
10001101
11100000
11111000
10001101
11100000
11111000
10001101
11100000
11111000
10001101
11100000
11111000
10001101
11100000
11111000
10001101
11100000
11111011
00100101
01111001
11111011
00100101
01111001
11111011
00100101
01111001
11111011
00100101
01111001
11111011
00100101
01111001
11111011
00100101
01111001
11111011
00100101
01111001
11111011
00100101
01111001
11111011
00100101
01111001
11111011
00100101
01111001
00111010
10011011
01000111
11010001
10000110
01000111
11010001
10000110
01000111
11010001
10000110
01000111
11010001
10000110
01000111
11010001
10000110
01000111
11010001
10000110
01000111
11010001
10000110
01000111
11010001
10000110
01000111
11010001
10000110
01000111
11010001
10000110
00111001
00001101
11000111
00101001
00001101
11000111
00101001
00001101
11000111
00101001
00001101
11000111
00101001
00001101
11000111
00101001
00001101
11000111
00101001
00001101
11000111
00101001
00001101
11000111
00101001
00001101
11000111
00101001
00001101
11000111
00101001
01010101
11110010
00110001
11110000
11010010
01101111
11110000
11010010
01101111
11110000
11010010
01101111
11110000
11010010
01101111
11110000
11010010
01101111
11110000
11010010
01101111
11110000
11010010
01101111
11110000
11010010
01101111
11110000
11010010
01101111
11110000
11010010
01101111
01011111
11101101
01011010
01110100
11101101
01011010
01110100
11101101
01011010
01110100
11101101
01011010
01110100
11101101
01011010
01110100
11101101
01011010
01110100
11101101
01011010
01110100
11101101
01011010
01110100
11101101
01011010
01110100
11101101
01011010
01110100
10001001
10101110
00010001
10001001
10101110
00010001
10001001
10101110
00010001
10001001
10101110
00010001
10001001
10101110
00010001
10001001
10101110
00010001
10001001
10101110
00010001
10001001
10101110
00010001
10001001
10101110
00010001
10001001
10101110
00010001
10000011
11110101
10011100
00101110
11101110
10011100
00101110
11101110
10011100
00101110
11101110
10011100
00101110
11101110
10011100
00101110
11101110
10011100
00101110
11101110
10011100
00101110
11101110
10011100
00101110
11101110
10011100
00101110
11101110
10011100
00101110
11101110
11110101
00111100
01001010
10001111
00111100
01001010
10001111
00111100
01001010
10001111
00111100
01001010
10001111
00111100
01001010
10001111
00111100
01001010
10001111
00111100
01001010
10001111
00111100
01001010
10001111
00111100
01001010
10001111
00111100
01001010
10001111
10000010
01100000
10010010
11001111
01011011
10010010
11001111
01011011
10010010
11001111
01011011
10010010
11001111
01011011
10010010
11001111
01011011
10010010
11001111
01011011
10010010
11001111
01011011
10010010
11001111
01011011
10010010
11001111
01011011
10010010
11001111
01011011
00011110
01001001
01001100
00011110
01001001
01001100
00011110
01001001
01001100
00011110
01001001
01001100
00011110
01001001
01001100
00011110
01001001
01001100
00011110
01001001
01001100
00011110
01001001
01001100
00011110
01001001
01001100
00011110
01001001
01001100
10110000
01000000
11000001
11111001
01000000
11000001
11111001
01000000
11000001
11111001
01000000
11000001
11111001
01000000
11000001
11111001
01000000
11000001
11111001
01000000
11000001
11111001
01000000
11000001
11111001
01000000
11000001
11111001
01000000
11000001
11111001
00011001
11101110
11001100
00011001
11101110
11001100
00011001
11101110
11001100
00011001
11101110
11001100
00011001
11101110
11001100
00011001
11101110
11001100
00011001
11101110
11001100
00011001
11101110
11001100
00011001
11101110
11001100
00011001
11101110
11001100
00011101
01100000
11010010
01011101
11001010
11011111
00100010
11001010
11011111
00100010
11001010
11011111
00100010
11001010
11011111
00100010
11001010
11011111
00100010
11001010
11011111
00100010
11001010
11011111
00100010
11001010
11011111
00100010
11001010
11011111
00100010
11001010
11011111
00100010
01010010
11111001
10100110
11110111
11110010
10101001
11110111
11110010
10101001
11110111
11110010
10101001
11110111
11110010
10101001
11110111
11110010
10101001
11110111
11110010
10101001
11110111
11110010
10101001
11110111
11110010
10101001
11110111
11110010
10101001
11110111
11110010
10101001
11000111
11101001
01101000
11000111
11101001
01101000
11000111
11101001
01101000
11000111
11101001
01101000
11000111
11101001
01101000
11000111
11101001
01101000
11000111
11101001
01101000
11000111
11101001
01101000
11000111
11101001
01101000
11000111
11101001
01101000
10101100
10101110
01111000
00110111
10101110
01111000
00110111
10101110
01111000
00110111
10101110
01111000
00110111
10101110
01111000
00110111
10101110
01111000
00110111
10101110
01111000
00110111
10101110
01111000
00110111
10101110
01111000
00110111
10101110
01111000
00110111
00110011
10010111
11011110
00110011
10010111
11011110
00110011
10010111
11011110
00110011
10010111
11011110
00110011
10010111
11011110
00110011
10010111
11011110
00110011
10010111
11011110
00110011
10010111
11011110
00110011
10010111
11011110
00110011
10010111
11011110
00110011
00111011
01100110
00110011
00111011
01100110
00110011
00111011
01100110
00110011
00111011
01100110
00110011
00111011
01100110
00110011
00111011
01100110
00110011
00111011
01100110
00110011
00111011
01100110
00110011
00111011
01100110
00110011
00111011
01100110
00011010
00101000
00111101
00100010
00011011
00111101
00100010
00011011
00111101
00100010
00011011
00111101
00100010
00011011
00111101
00100010
00011011
00111101
00100010
00011011
00111101
00100010
00011011
00111101
00100010
00011011
00111101
00100010
00011011
00111101
00100010
00011011
00111001
00010010
11010101
00111001
00010010
11010101
00111001
00010010
11010101
00111001
00010010
11010101
00111001
00010010
11010101
00111001
00010010
11010101
00111001
00010010
11010101
00111001
00010010
11010101
00111001
00010010
11010101
00111001
00010010
11010101
10111001
10011100
11001100
10111001
10011100
11001100
10111001
10011100
11001100
10111001
10011100
11001100
10111001
10011100
11001100
10111001
10011100
11001100
10111001
10011100
11001100
10111001
10011100
11001100
10111001
10011100
11001100
